Mon Jul 30 2012 00:03:56 GMT+0200 (CEST)
data280KB
["preSync","sync"]
[{"name":"create","data":[3852,3431]},{"name":"update","data":[3737,3737]},{"name":"conflict","data":[3493,6319]}]
presync_create_preSync_stats
[3656,3657,3662,3665,3730,3738,3739,3742,3746,3756,3844,3850,3853,3920,4214,4254,4254,4255,4255,4255,4255,4257,4367,4409]
presync_create_sync_stats
[3387,3389,3394,3403,3410,3412,3412,3416,3427,3428,3430,3430,3432,3434,3455,3459,3482,3774,4030,4032,4037,4043,4046,4046]
presync_update_preSync_stats
[3501,3547,3629,3640,3647,3650,3652,3684,3686,3695,3707,3733,3741,3746,3914,3920,4083,4255,4255,4255,4255,4255,4263,4505]
presync_update_sync_stats
[3527,3549,3581,3604,3612,3615,3615,3624,3625,3653,3667,3707,3766,3836,3889,3942,4036,4037,4037,4038,4286,4291,4299,4308]
presync_conflict_preSync_stats
[3398,3420,3420,3426,3428,3429,3438,3447,3459,3461,3466,3492,3494,3496,3502,3757,3881,4004,4005,4005,4005,4005,4005,4255]
presync_conflict_sync_stats
[6187,6203,6210,6230,6232,6240,6242,6257,6264,6267,6282,6316,6321,6328,6330,7036,7036,7037,7040,7045,7046,7047,7048,7097]

Mon Jul 30 2012 01:39:07 GMT+0200 (CEST)
["merge","struct"]
[{"name":"version(3)","data":[53,182]},{"name":"rebase(3)","data":[205,199]},{"name":"version(6)","data":[53,361]},{"name":"rebase(6)","data":[205,393]}]
reversemerge_version(3)_merge_stats
[52,52,52,52,53,53,53,53,53,53,54,54,55,55]
reversemerge_version(3)_struct_stats
[178,178,178,179,179,181,181,183,183,184,185,192,193,195]
reversemerge_rebase(3)_merge_stats
[200,201,201,202,202,202,204,205,205,208,209,210,210,215]
reversemerge_rebase(3)_struct_stats
[193,194,195,196,196,198,198,199,200,200,201,204,205,207]
reversemerge_version(6)_merge_stats
[53,53,53,53,53,53,53,53,53,54,54,55,57,59]
reversemerge_version(6)_struct_stats
[355,355,358,358,358,360,361,361,361,361,364,367,378,380]
reversemerge_rebase(6)_merge_stats
[200,201,201,201,203,204,204,205,207,209,209,209,212,212]
reversemerge_rebase(6)_struct_stats
[388,389,389,390,391,392,393,393,395,395,407,412,426,440]

Mon Jul 30 2012 00:22:42 GMT+0200 (CEST)
["content","patch"]
[{"name":"3 versions","data":[93,64]},{"name":"6 versions","data":[93,153]},{"name":"12 versions","data":[93,331]}]
memory_3 versions_content_stats
[93,93,93,93,93,93,93]
memory_3 versions_patch_stats
[64,64,64,64,64,64,64]
memory_6 versions_content_stats
[93,93,93,93,93,93,93]
memory_6 versions_patch_stats
[153,153,153,153,153,153,153]
memory_12 versions_content_stats
[93,93,93,93,93,93,93]
memory_12 versions_patch_stats
[331,331,331,331,331,331,331]

Sun Jul 29 2012 23:51:49 GMT+0200 (CEST)
["attribute","serialized"]
[{"name":"12% change","data":[100,50]},{"name":"25% change","data":[100,40]},{"name":"50% change","data":[70,10]}]
resolution_12% change_attribute_stats
[100,100,100,100,100,100,100,100,100,100,100,100,100,100,100,100,100,100,100,100,100,100,100,100,100,100,100,100,100,100,100,100,100,100,100,100]
resolution_12% change_serialized_stats
[10,20,20,30,30,40,40,40,40,40,40,40,50,50,50,50,50,50,50,60,60,60,60,60,60,60,60,60,60,60,70,70,70,80,90,90]
resolution_25% change_attribute_stats
[80,90,90,90,90,90,90,90,90,90,90,100,100,100,100,100,100,100,100,100,100,100,100,100,100,100,100,100,100,100,100,100,100,100,100,100]
resolution_25% change_serialized_stats
[10,10,20,20,20,20,30,30,30,30,30,30,30,30,30,40,40,40,40,50,50,50,50,50,50,50,50,50,50,50,60,60,60,60,60,70]
resolution_50% change_attribute_stats
[40,40,50,50,60,60,60,60,60,70,70,70,70,70,70,70,70,70,70,80,80,80,80,80,80,80,80,80,80,90,90,90,90,90,90,90]
resolution_50% change_serialized_stats
[0,0,0,0,0,10,10,10,10,10,10,10,10,10,10,10,10,10,10,10,20,20,20,20,20,20,20,20,20,20,20,20,20,30,30,30]

